-1.54811382293701170
3.0961019992828371
-0.51606357097625731
0.84327590465545651
2.580505371093751
-0.17005699872970580
0.82671815156936651
-0.62710702419281010
1.15324819087982180
0.168379366397857671
0.230685651302337651
3.4233183860778811
-0.151329517364501950
0.26524519920349121
2.1267185211181641
1.82319140434265141
0.82026571035385130
1.03301572799682620
1.18022465705871581
0.78384089469909670
1.02978897094726560
0.36744469404220580
0.28357005119323731
-1.65338563919067380
-1.5987737178802491
2.40072965621948241
-0.417182207107543950
0.459272205829620360
0.084931194782257080
-1.29702091217041020
0.97004854679107670
0.104619264602661130
1.6060156822204591
-1.0551850795745850
1.14137578010559081
-2.79919600486755370
0.9591417312622071
2.66712045669555661
-1.50570487976074220
1.41763579845428471
1.94681727886199951
-1.8664107322692870
0.25573849678039550
-0.395182132720947270
0.63795137405395511
-1.38126158714294430
-0.90326821804046631
-0.51151847839355470
0.073535621166229250
-0.47421944141387941
0.144938111305236821
1.49084091186523440
-0.00655937194824218750
0.78643316030502320
-0.077886283397674561
-0.134669363498687741
0.23590207099914551
0.18701559305191040
-0.82819950580596920
-0.00053977966308593750
0.94932830333709720
-0.50406646728515620
-1.24508976936340330
0.20145571231842041
0.95584738254547120
0.109231054782867431
-1.01370739936828610
-0.77747452259063720
0.27870732545852660
3.3550231456756590
0.409597575664520261
-0.95076632499694820
-1.54328012466430660
0.426523208618164061
1.79862630367279051
2.5951001644134521
-0.0096955895423889160
-0.391115546226501461
1.77947425842285161
-0.091821074485778811
1.79097414016723631
-0.21446907520294191
-0.65700221061706540
-0.32134377956390380
-1.19462394714355470
0.386518031358718871
0.23126536607742311
-0.15969049930572510
0.26760494709014890
-0.51556026935577390
0.8213230371475220
0.33022034168243410
1.28280365467071530
0.75158631801605221
-0.79098701477050781
-1.89674639701843260
1.82668972015380861
0.48954239487648010
0.204606592655181880
0.76294153928756710
-1.42530274391174320
0.67150211334228521
-1.25206947326660160
0.34599140286445621
0.266440153121948241
1.60522365570068361
1.58809542655944820
0.60239809751510621
2.7076110839843751
2.80136013031005861
0.30366498231887820
-0.438096880912780760
1.03011107444763181
1.62715387344360351
1.38507437705993650
1.82248651981353761
-1.40266919136047360
-0.74441361427307130
3.15842080116271971
-0.466677069664001461
0.98441630601882931
-1.02316403388977051
-0.184638500213623050
0.85461729764938351
-0.54669785499572750
-0.18722343444824221
2.7915983200073241
0.9106522202491761
0.29732769727706911
0.27959209680557250
-0.224965691566467290
-0.56464242935180661
-0.18443131446838380
1.16951775550842291
-1.4708909988403321
0.09898668527603150
2.07984447479248051
0.19282555580139161
0.068477511405944820
-0.71262967586517331
-0.119118034839630130
2.4552025794982911
-0.50133299827575680
-0.68161809444427490
0.63720029592514041
-1.65565538406372070
-0.71371603012084961
2.28725624084472661
-0.52221453189849850
0.98954319953918460
0.67650747299194340
1.594564676284790
-0.152235388755798341
1.05948042869567871
-0.432068467140197750
-0.56328380107879640
2.7282247543334961
1.07374835014343261
-0.7775151729583740
1.2715382575988771
-1.1630415916442870
-0.00736975669860839840
0.89149022102355961
0.73996853828430180
1.49981951713562011
0.81493514776229861
-0.93949592113494870
0.178006649017333981
1.2952365875244141
-1.1037513017654420
-0.103909552097320560
0.496587723493576050
-0.26141309738159180
1.08388662338256840
0.82504242658615111
2.2934260368347171
0.6007313728332520
-0.377768039703369140
1.4451766014099120
2.03646492958068851
-1.24605584144592290
0.08077251911163331
-0.0273495316505432130
-1.14671266078948970
-0.153464555740356451
0.92488664388656621
0.061345934867858890
-0.61256623268127440
2.4753701686859131
0.25403171777725221
0.0201480388641357420
2.1080675125122071
0.71199512481689450
-0.81712472438812260
0.51451694965362550
-0.96797263622283941
-0.55940186977386470
-0.59306657314300541
-0.194187879562377931
1.1481206417083740
0.97062546014785771
-0.0414033532142639161
1.63926029205322271
-1.77421498298645020
2.9644451141357421
1.75644600391387941
-0.6448422670364380
3.4449040889739991
-0.58774960041046140
-1.21379137039184570
-0.79090428352355960
-0.417837142944335941
1.5890983343124390
-0.5757106542587281
0.12073504924774171
-0.461482524871826170
1.09935522079467771
1.70658326148986820
0.30292940139770511
0.48239108920097351
0.57494866847991941
2.1162793636322021
0.7810159325599671
1.12719643115997311
2.9486548900604251
-0.72516953945159910
-0.43878531455993651
-0.08381336927413940
0.215009450912475590
-0.60260736942291260
0.016317844390869141
-1.70140600204467770
-0.38292145729064941
-0.44590413570404050
-0.0203481912612915041
-0.88100826740264890
-0.046096384525299071
2.2954778671264651
-0.88344740867614750
3.1873736381530761
-0.13723051548004150
0.020992338657379151
0.61942958831787111
1.45885455608367921
1.18537616729736330
-0.53187274932861331
-0.38176405429840090
-0.49787032604217530
2.48601198196411131
0.47939282655715940
1.14747643470764161
1.04488754272460941
0.477966874837875370
1.00406193733215331
-1.10415804386138921
-0.57658767700195310
0.16273933649063110
-0.46407747268676760
1.65114831924438481
0.107552707195281980
0.33598157763481140
0.028656661510467531
-1.05594146251678470
-1.67530512809753420
-0.8276213407516481
-0.38798105716705320
0.90339636802673341
2.90231013298034671
0.7603443861007691
1.74618113040924071
-0.70838475227355960
-1.23184299468994140
-0.16792613267898561
-0.296608686447143550
-0.60027134418487550
0.81810313463211061
-0.530700683593750
0.25982856750488280
0.91810548305511471
-0.107868134975433351
-1.17691874504089360
-1.1282571554183960
-0.53140628337860110
-2.3512833118438720
-0.151724517345428470
1.5378638505935671
0.416669666767120361
-0.54360008239746091
0.9548538923263551
-1.07303345203399660
-0.0185111761093139650
0.95727038383483891
0.84121495485305791
-0.23078918457031250
1.01567935943603521
2.7441620826721191
0.54235708713531490
-0.0420541763305664061
-1.6627950668334960
0.393217176198959351
-0.325277090072631840
-0.35398089885711670
-1.66595816612243650
-0.58460605144500731
-0.0388189554214477541
1.75070452690124510
1.92514586448669431
-1.44241642951965331
3.5719275474548341
0.793636143207551
0.498516142368316650
-1.42055273056030270
-1.717813253402710
0.057825207710266111
1.75706517696380621
0.95444881916046141
2.73986029624938961
-1.78116464614868160
0.4040231406688691
3.00377821922302251
-0.77065134048461911
-1.1481946706771851
-0.125507950782775880
-0.95923972129821780
0.98688364028930661
0.94165104627609251
-0.090121448040008541
-0.47588193416595460
0.70063596963882451
1.5301229953765871
-0.6456227302551270
0.6399265527725220
0.175820112228393551
0.92068952322006231
0.098462224006652830
0.62154370546340941
0.49270701408386231
0.108301401138305661
0.122108161449432370
-1.88908696174621581
0.8339766860008241
-1.28629326820373540
0.223346233367919920
0.85920971632003781
1.15921056270599371
0.62133991718292241
-0.017960131168365481
-0.72021770477294920
-1.13411498069763180
0.426165282726287841
-0.28736853599548340
-0.136817693710327151
-1.021871805191040
-1.27311873435974121
-2.4351878166198730
1.3632814884185790
1.83583760261535641
0.66576004028320310
-0.102891564369201660
-0.43469023704528811
0.270094513893127440
-0.84252417087554930
-0.169742524623870850
0.2914035916328430
-1.34307098388671880
2.04384851455688481
0.37222218513488770
-1.17648029327392580
0.0577043890953063960
0.60200178623199460
0.21047025918960570
0.67249619960784910
-0.38416719436645510
2.2676486968994141
-0.60196518898010250
0.28814041614532470
-2.20112657546997070
1.3404870033264161
-2.60162973403930661
0.358507603406906130
-0.169309973716735841
0.426662296056747440
0.61289519071578981
-1.18219184875488280
-0.71536195278167720
1.94702291488647461
1.64911913871765141
0.92854434251785281
-0.074694573879241940
0.6759380698204040
-0.209498524665832520
0.27627611160278321
0.181395113468170170
-0.147018969058990480
0.29028290510177611
3.33088040351867681
-1.93349146842956541
-1.73856019973754880
-0.80717206001281740
2.22114276885986331
-0.71712851524353030
-1.88713145256042480
0.67359721660614011
-0.331891179084777830
0.74631786346435551
1.13251519203186041
-0.402465701103210451
-0.245854377746582030
0.492291003465652470
0.71706432104110721
-0.95547914505004880
0.092723250389099120
0.112906515598297121
-1.05519664287567140
2.08423709869384771
0.54565078020095830
1.01047039031982421
0.38547456264495851
0.53425693511962891
-0.294158577919006350
1.4377218484878541
-0.75566649436950681
0.342733889818191531
1.72908639907836911
-0.074418604373931880
0.293861865997314450
-0.52553689479827880
-0.26903259754180911
-2.3544661998748780
1.79518544673919681
1.1816544532775881
0.58091664314270021
1.13038837909698491
0.55120122432708740
-0.00362682342529296880
-0.95473849773406980
-0.172433435916900630
1.99341917037963871
2.10535669326782231
-0.486258983612060550
0.056928336620330810
0.12684488296508791
-0.91429090499877930
0.78229135274887081
0.62126553058624271
1.96295952796936041
0.96882367134094241
0.0333852767944335941
2.1814880371093750
-0.97565460205078120
-0.388951063156127930
0.344869345426559450
-1.6280472278594970
-1.6602549552917480
0.16279625892639160
1.42448949813842771
-1.45021748542785641
0.081845283508300780
0.58725237846374511
-1.17566788196563720
-0.55539226531982420
-1.29338121414184570
-0.70778298377990720
1.94668149948120121
-0.70434629917144780
0.381815433502197271
2.72622036933898930
-1.65589046478271480
0.083021283149719241
1.71709179878234861
0.31806418299674991
1.45450460910797121
0.259742021560668951
1.56337904930114751
1.12546908855438231
0.94751721620559691
1.52900314331054691
0.182165443897247310
-0.76413702964782710
-0.27277314662933351
-0.0065411329269409180
0.214911758899688721
-0.48867166042327880
-0.98645102977752690
0.48827350139617921
-0.85477733612060550
1.94536650180816651
0.445881366729736331
-0.73348391056060791
-0.7612845897674560
-0.128451049327850340
0.8445909619331360
2.47023773193359381
0.65474146604537961
1.83393836021423341
0.1433381438255311
0.39946159720420840
2.41404700279235841
-0.28203594684600830
-0.449086666107177730
-0.109597563743591310
0.047464489936828610
0.290895819664001460
0.94755053520202640
0.51236331462860110
0.27109074592590330
0.44350451231002810
0.26213920116424560
0.27648168802261350
0.53122937679290771
0.064904749393463130
-0.310986399650573730
0.66145610809326170
0.88888335227966311
-0.0285546779632568361
0.832540750503541
0.31745323538780211
-1.89000582695007320
-1.73419737815856931
0.131105065345764160
-0.150704443454742431
-0.99053347110748290
0.38851541280746460
-0.072650551795959470
0.34381079673767091
1.15331828594207760
0.104604959487915041
-0.93442177772521971
-0.55731475353240970
-0.169735431671142581
2.1502690315246581
-0.07066780328750611
-0.465947389602661130
1.11402618885040280
1.9164311885833741
-1.29651713371276860
0.43941894173622131
0.213588595390319821
2.8899061679840091
-0.237000584602355960
0.398690938949584960
0.0336648225784301760
-2.03179764747619630
2.30197238922119141
1.2092685699462891
2.18729400634765621
-0.147786796092987061
0.83883172273635861
0.44329783320426940
3.36273312568664551
0.43259540200233461
-2.17476606369018551
-2.5359237194061280
-0.85107040405273440
1.47466969490051271
1.60400724411010741
0.415891289710998541
-0.77020323276519780
0.38561722636222840
-0.44698810577392580
0.100957870483398441
0.54630184173583981
-1.2441196441650390
1.04435908794403081
0.163173556327819821
-1.0076084136962890
3.84650897979736331
0.335424423217773441
-0.80275869369506841
-1.52843928337097170
1.70436203479766851
-1.08574664592742920
0.19470381736755370
-0.196407914161682130
-0.4441586732864380
1.3653731346130371
1.70462679862976070
-0.41839647293090820
1.00869715213775631
-0.269945502281188960
-0.91317069530487060
2.71218967437744141
0.91067963838577271
0.58838748931884771
0.66011816263198851
-1.10965979099273680
-1.62580323219299321
2.51930642127990721
-0.87650668621063230
-0.406129002571105961
-0.28620064258575441
0.481460243463516241
0.417254805564880371
0.144894421100616461
-0.95239651203155520
-0.50543367862701420
3.18996143341064451
-0.0101568698883056641
0.47737121582031250
0.54696953296661380
1.86924636363983151
-0.106921195983886720
0.170071125030517581
-0.442090392112731931
1.50782048702241
0.77029275894165041
5.0464649200439451
-0.66832721233367920
-1.24362087249755860
0.38005843758583070
-0.048069596290588380
1.32173371315002441
1.49549818038940431
-0.95091581344604490
-0.277348279953002930
-0.42176556587219240
-1.2436146736145020
1.23176944255828861
-2.1178193092346190
-0.45459949970245360
1.27152276039123540
-0.064019620418548581
1.19658780097961431
1.67170441150665280
0.217360317707061770
-0.62496900558471680
-0.81999158859252930
0.15372091531753541
-1.98275589942932130
-0.98272645473480221
0.160823404788970950
0.41851848363876341
-0.82282602787017820
0.47616866230964660
-0.64525377750396731
-0.79928171634674071
0.91856378316879271
-0.271293878555297850
-0.270065903663635250
0.58237415552139280
-0.5987888574600220
1.49658560752868651
0.5519971847534181
0.167593181133270260
-0.55341923236846920
-1.05476343631744380
-0.68916130065917971
0.0343972444534301760
-1.15957796573638921
0.74422419071197510
1.5355376005172731
-0.112574100494384770
-0.73997414112091060
0.309420764446258540
1.5899777412414551
0.43863931298255920
-1.25898718833923341
0.59637224674224850
2.6200261116027831
3.6780226230621341
-0.321067333221435550
1.25776147842407231
0.070613682270050050
0.98294180631637571
-1.41568613052368161
0.45382815599441530
0.85464179515838621
-0.114572167396545410
1.74860990047454831
0.196986079216003420
0.46345114707946780
-0.7088692188262941
-0.0164175033569335941
0.0571250915527343750
1.75198221206665041
-1.46003437042236330
0.0099187493324279791
-0.39448785781860351
-0.57733929157257081
0.373191088438034061
-0.10649859905242920
-2.0253229141235350
2.54226779937744141
-1.09053599834442140
1.57448720932006841
0.83533924818038941
-0.38584172725677490
0.77838945388793951
0.14956837892532351
-1.51223134994506841
1.1694606542587281
-0.30450904369354250
-1.39482879638671880
0.86565715074539181
1.00271701812744140
-1.49198007583618160
-1.4441270828247070
-0.43344426155090330
0.83118116855621340
3.36410880088806151
0.287959396839141850
2.2889807224273681
1.31349623203277591
1.99417269229888921
-0.83265209197998050
0.5982079505920411
0.180850267410278320
0.60099023580551151
1.66333198547363281
0.2540776729583741
0.99295473098754881
-1.82672929763793951
-0.99200737476348880
0.66433697938919071
1.25545763969421391
-0.139050126075744631
-1.13375556468963620
-1.75751781463623050
0.52505749464035031
-0.79109537601470950
1.39102268218994141
1.30681979656219481
0.240017771720886231
-0.6781475543975831
2.1279792785644531
-0.380701780319213870
0.092423558235168460
0.82695716619491581
0.37148708105087281
-0.31633365154266361
0.62606376409530640
-1.0896725654602051
-0.95297038555145261
-1.1460688114166260
-1.97318267822265620
0.168440163135528561
-0.57621181011199951
-0.55704700946807860
-0.192239522933959960
1.53428006172180181
2.2817473411560061
0.156216204166412350
-0.9043085575103761
-1.65167760848999020
2.29750490188598631
0.96361184120178221
0.70652455091476441
0.081009685993194580
0.081029176712036131
1.5255806446075441
1.0905610322952271
0.49727207422256471
-0.132648587226867681
0.013449847698211670
-0.38355612754821781
-0.56078743934631350
-0.89872109889984130
0.90503388643264770
0.313840448856353761
0.080973684787750240
-1.2095663547515870
-0.68817257881164550
-0.40128993988037110
0.224232673645019530
0.62883895635604860
0.78782945871353150
-0.268091917037963870
-0.72291827201843260
-0.54068994522094730
0.86760723590850831
0.89598578214645391
1.83085417747497561
1.37482428550720211
0.31237280368804930
1.51931536197662351
-0.82778775691986081
1.43370604515075681
1.89706230163574221
0.83839154243469241
-0.32097542285919191
-1.27395248413085940
0.83006966114044190
-0.70008885860443120
-0.56714522838592531
-1.84543919563293460
2.26557683944702151
-0.14722162485122680
-0.60084021091461181
0.66335904598236081
0.0055415630340576171
0.81159043312072751
-0.147184669971466060
2.65560770034790041
0.0313894748687744140
-1.2870414257049560
0.84167492389678960
-1.25240325927734380
1.44419348239898681
-0.74774849414825440
0.436144262552261351
-1.20947861671447750
-0.41228210926055911
0.65695214271545410
1.18762159347534181
0.71508800983428961
0.74373251199722291
-0.37443935871124271
0.60853445529937741
2.4974784851074221
-0.5508857965469360
1.62379646301269531
-0.203571200370788570
0.19225955009460451
-0.354769587516784670
-0.60581588745117190
0.128628790378570560
0.54941475391387940
1.70040273666381841
-0.70940005779266361
0.072110950946807860
-1.31377172470092770
-1.75566840171813960
-0.50294470787048340
-0.491042256355285640
-0.30479037761688230
-0.390489935874938960
-1.23065137863159181
-1.87977910041809080
0.317896693944931031
-2.5111153125762940
2.25485134124755861
3.0424852371215821
1.47253561019897461
-0.217090964317321780
0.168888449668884281
0.472702354192733760
0.42817324399948120
0.236596167087554931
0.232228457927703860
0.197701394557952880
-0.14745754003524780
3.36273312568664551
0.97227334976196291
-0.0416582226753234860
-0.60413408279418950
-0.61410391330718991
0.85223323106765751
-0.258887290954589841
-0.076427280902862550
-1.04345846176147461
-0.353863596916198730
3.11063241958618161
-0.28261244297027590
-1.23143696784973140
3.06784462928771971
-0.61135125160217290
-0.60720252990722661
1.32377219200134281
1.35022711753845211
1.34442174434661871
1.3383388519287111
-2.18757891654968260
0.83192521333694460
-0.84050571918487550
1.99044537544250491
-0.132785260677337651
-0.40453588962554930
-0.28447782993316651
0.30085515975952151
-0.143088102340698241
2.3620231151580811
0.269808888435363770
0.372127860784530641
-0.012343585491180421
0.53083753585815431
-1.91310667991638180
0.58248096704483031
-0.490924000740051270
-0.448115348815917970
1.2225174903869631
0.65868240594863891
-0.74703812599182130
1.71337127685546880
0.77200096845626830
2.48566198348999021
-0.94042325019836431
-0.67147898674011230
-1.83956813812255860
-0.14613920450210570
0.1453915834426880
0.43461203575134280
2.11211347579956051
-0.261408805847167971
1.8978871107101441
-2.7787992954254150
0.063652932643890380
-0.48851156234741210
0.53796356916427610
-1.19414401054382320
-0.338396430015563960
-0.23346674442291261
-0.0403762459754943850
0.9916265010833740
3.6704733371734621
-1.5097351074218750
0.39936688542366030
-2.0570681095123290
-0.80572009086608891
-0.058191478252410890
0.60023784637451170
2.58881425857543951
0.65830338001251221
0.52500569820404050
0.477210521697998051
0.19708806276321410
-0.72619986534118650
0.78448462486267091
2.66330051422119141
-0.436154723167419430
-0.30719530582427980
-0.487752676010131840
0.090875923633575440
0.393612176179885861
-2.4283475875854490
0.3259544074535371
1.00133490562438960
-0.65832424163818360
-0.2630087137222291
2.44888234138488771
1.65558362007141111
2.0643305778503421
-0.49275159835815431
0.47861689329147340
1.03870952129364011
-0.76985967159271240
0.7045054435729980
0.157272696495056150
0.50173789262771610
0.18192255496978761
1.54755854606628421
-0.59296572208404541
0.114260196685791020
0.54211974143981931
-0.15043807029724120
-0.163367450237274170
0.7291124463081360
-1.09230542182922360
-0.55417048931121830
-0.26960313320159911
0.7821167111396791
0.475356668233871461
0.416944563388824460
0.524984598159791
1.15123569965362551
-0.0316870212554931640
0.11459785699844360
-0.24382650852203371
0.87691831588745121
-0.134182751178741460
2.82414460182189941
0.29306179285049440
0.58728384971618650
-0.53599524497985841
0.71670210361480711
1.6599742174148561
-0.41540551185607910
-0.0287332534790039061
-0.448201417922973630
0.377980411052703861
-1.13259530067443851
-0.72042191028594970
-0.95422852039337161
0.64921772480010990
-0.53627431392669680
-0.218099117279052730
-0.154677748680114751
0.72025406360626220
-0.22606062889099121
-0.032043099403381351
1.4195744991302491
-1.4987630844116210
0.22843402624130250
-1.10321485996246341
2.2213087081909181
2.16201925277709961
0.474822431802749630
-8.52346420288086e-051
-0.51549243927001951
-0.72905278205871580
0.317172944545745850
2.22028923034667971
0.97399878501892091
1.66870498657226560
-2.67218804359436040
1.57082688808441161
-1.36513400077819820
-0.99221789836883540
-0.23147392272949220
0.203307747840881350
0.0165835618972778321
-0.49333429336547850
-0.0236602425575256350
-0.0089083313941955570
1.34001564979553221
-0.41082394123077390
-1.13500940799713130
0.311296105384826661
0.94859421253204351
-0.47988259792327881
1.27875149250030520
-0.096817314624786380
0.69066822528839111
-0.86388540267944340
0.143422484397888180
1.04341971874237061
-0.3506740331649780
0.40635147690773010
0.28059822320938110
-0.12348550558090210
-0.31904065608978270
0.2367718219757080
-0.5352817773818971
1.05386769771575931
0.71928292512893681
-0.69843626022338870
-0.098634362220764160
0.26628452539443970
0.0034646391868591310
-1.51244378089904790
-0.70062303543090820
1.50841951370239261
0.46033370494842531
-0.75313532352447511
3.5157706737518311
-0.295598506927490230
1.75201916694641111
3.0523307323455811
-0.70787227153778080
-0.67648947238922120
0.99376344680786131
0.370423674583435060
1.05086982250213621
0.55713295936584471
0.52317869663238530
-0.78760981559753420
2.48812556266784671
1.25861597061157230
0.0021856427192687990
-1.14310598373413090
0.68855679035186771
-1.73083662986755371
-0.89553630352020260
-0.5284365415573120
-0.425557136535644530
-1.49541020393371580
-1.20783329010009770
0.099551558494567870
1.4617251157760621
-0.179863989353179930
-0.457260251045227050
0.79951691627502441
-1.12178254127502441
0.42604133486747740
-0.80229830741882321
0.111996412277221681
2.1700818538665771
-0.52521121501922610
-2.7812988758087161
-1.7406759262084960
0.32754909992218020
-0.33821880817413330
-0.036934316158294681
1.93833053112030031
-0.69186997413635250
-2.0901746749877930
-0.62747323513031011
1.93046331405639651
-0.00326389074325561521
-1.3553209304809570
0.9732283949851991
-1.0063933134078980
-0.9418324232101440
-1.62125873565673830
-1.38041734695434570
-1.14974224567413330
0.0075902938842773441
-0.74959921836853030
-0.46872341632843020
-2.13144016265869140
-1.94352555274963380
-1.13211107254028320
0.91873401403427121
2.58784246444702151
-2.16912722587585450
-0.56826317310333251
-1.40731024742126460
1.0005962848663331
0.455345362424850460
0.169118881225585941
0.499128401279449461
1.33573484420776371
2.84529519081115721
0.05826216936111450
0.44117295742034910
-0.82692837715148930
0.64824879169464110
0.090112447738647460
-0.62710881233215331
-0.71540808677673340
0.32034784555435181
-0.86219298839569090
2.713970661163331
-0.16495305299758911
1.69026231765747071
1.68568813800811771
-1.0854736566543581
0.102269828319549561
0.53515243530273441
0.314957261085510250
0.76920950412750241
-1.07583463191986081
-0.53177332878112790
0.455549865961074830
-0.57114386558532710
0.7807694077491760
-0.051092922687530520
-2.0060169696807860
-1.33874320983886720
0.49695894122123721
0.57613050937652590
0.127949237823486330
1.21613943576812741
0.063559532165527340
-0.135713279247283941
-0.29503548145294190
0.25155520439147951
0.476780146360397340
-0.6329804658889770
-0.33264350891113280
-1.0076951980590821
-0.8227926492691040
-2.30492591857910161
-0.56902945041656490
-0.379202604293823240
0.88802605867385860
0.28553384542465210
-0.95942211151123050
-1.91426277160644530
-0.359468340873718260
-1.1593617200851440
0.283417820930480961
2.1577968597412111
2.54602837562561041
0.69714403152465821
-0.233312606811523440
-0.34999132156372070
-0.88061201572418210
0.15224272012710570
-1.91393947601318360
-1.26362895965576171
-0.75527453422546390
0.349047392606735231
0.78439545631408691
0.98872828483581541
-0.88279664516448970
-0.50183606147766110
-0.29758703708648680
0.97866761684417720
1.00328350067138670
0.31651401519775391
-1.2067544460296630
-0.74334180355072021
0.372439593076705930
-0.71748101711273191
-1.33968305587768550
1.72738707065582281
0.218754708766937261
0.67299789190292361
-1.02519679069519040
0.54224300384521481
-0.68733072280883791
0.45428654551506040
0.120962977409362790
1.1426930427551270
-0.0216790437698364260
0.85449713468551641
-1.85632061958312990
-2.697024106979370
-0.381380677223205571
0.107925951480865481
-1.73430180549621580
0.302611231803894041
0.41576981544494630
0.238900244235992430
1.44281148910522461
-0.178293526172637941
0.64344733953475951
1.9606862068176271
0.096573412418365480
1.24934494495391850
1.2195575237274171
-0.33768212795257570
1.5835525989532471
0.073326110839843751
0.34789359569549560
0.36295747756958011
-0.245532751083374021
0.82732450962066650
2.25887989997863771
-0.96752095222473141
0.19332957267761230
-0.48419308662414551
0.238812685012817380
0.89338755607604981
0.316523373126983640
-1.78902363777160640
0.0171957015991210940
0.66572660207748411
0.227404236793518071
-0.7975898981094360
2.52412199974060061
-0.79105067253112790
3.54676365852355961
0.066599607467651370
0.58319884538650510
0.070827782154083251
-1.00565552711486821
0.1333700418472290
-1.12630319595336910
0.83716863393783571
-1.76002740859985350
-0.447633624076843261
0.50222313404083251
-0.0130159258842468260
-0.4069635868072511
0.96849143505096440
2.90480470657348631
0.94744485616683961
-1.06527197360992430
-0.19647169113159181
-0.430735826492309570
1.86092376708984381
-1.8027553558349610
-0.123639702796936040
0.55957627296447751
0.82773512601852421
-0.22518849372863770
0.65196979045867921
0.265064656734466551
2.68320536613464361
0.428873777389526370
2.5278863906860351
-0.88176763057708740
1.29084479808807371
-0.072997450828552251
0.729305088520051
-0.53798890113830571
0.460694164037704470
2.14391326904296881
-0.59929919242858890
0.25426453351974490
-0.35611999034881590
0.95191323757171630
-0.2037106752395631
0.16751557588577271
0.118319928646087651
0.233146131038665770
-2.12154102325439450
-0.63719284534454350
0.47391036152839660
2.8278954029083251
-0.30586588382720950
3.27380013465881351
0.0153865814208984380
-0.118975520133972171
-1.7595520019531250
0.30019074678421020
0.258061170578002930
1.03597879409790041
0.85492795705795291
3.25871801376342771
0.69726663827896120
0.38405722379684450
3.5381774902343751
-2.0368673801422121
-0.318307161331176760
0.327212274074554441
0.427621185779571531
1.91762626171112061
-0.249701976776123050
-1.88112354278564450
-0.457357645034790041
-0.018398106098175050
0.98696541786193851
1.34696483612060550
1.1076883077621461
0.031501471996307371
-1.55494952201843260
0.236924469470977780
1.14542376995086671
-1.75004649162292480
-0.108038306236267090
-0.57247054576873780
0.126388430595397950
0.21794033050537110
-1.44990730285644530
-0.86207485198974610
0.054145574569702150
0.364220827817916870
-0.7951495647430420
0.4777192473411560
0.21415442228317260
-0.7010662555694580
-0.4019693136215211
0.103252530097961431
1.31392455101013181
-1.32109022140502931
1.55221199989318850
-0.20792984962463381
1.00852930545806881
0.71075880527496341
-0.98590338230133060
0.210510849952697750
-0.83136975765228270
0.44596573710441590
0.25922787189483641
-0.54959857463836670
2.7146229743957521
-0.97200095653533940
0.199068248271942140
0.76972615718841550
-0.262781858444213871
0.085042715072631840
-0.90473997592926031
2.445824623107911
-0.26230633258819580
-0.269074082374572750
-1.3502669334411620
-1.09361314773559570
-1.03128945827484130
-2.7632985115051270
-1.75792860984802250
-2.99412035942077640
-0.72127854824066160
1.27327263355255131
-0.52961778640747070
0.0237107872962951660
-1.11516928672790530
0.25465518236160280
-1.66167616844177250
-0.97003662586212160
0.41132390499114990
0.024036347866058350
-1.6709289550781251
0.235280215740203861
0.209152281284332280
1.01233220100402831
0.299716353416442870
0.8904618024826051
-1.0660434961318970
0.27012366056442260
-0.7816960811614991
-1.062693715095521
1.8365465402603151
-0.219893813133239750
-0.70895409584045410
0.71157377958297731
0.25027459859848020
2.69510006904602051
-0.119099557399749761
-0.090510070323944091
2.6453642845153811
0.119909524917602540
-0.96702492237091060
-1.2283327579498290
-0.432607412338256840
-0.0044566392898559571
0.14308142662048341
1.18034076690673831
0.421511620283126830
0.092730641365051270
0.104487061500549321
0.090828180313110350
-0.232610702514648440
-0.090979993343353270
-0.94562685489654540
-0.097051978111267090
-0.469868421554565430
1.63484477996826171
1.42897665500640871
-1.84443926811218261
0.70334523916244511
1.2943093776702881
0.092160642147064210
1.62284505367279051
-0.5282136201858520
1.50579428672790531
0.47146779298782351
-0.127948164939880371
0.69927024841308590
1.74268758296966551
0.46088886260986330
0.197294354438781741
1.3682694435119631
-0.30543029308319091
0.405967265367507931
-0.90602791309356690
-1.8058705329895021
-0.69035089015960691
-0.41719388961791990
0.4284881651401520
-0.43343389034271241
-0.28365623950958250
-0.51431548595428470
-0.199459671974182131
1.64832329750061041
2.4356780052185061
1.82966530323028561
1.81835877895355221
0.72853636741638181
-0.66105365753173830
0.47427174448966980
0.71933078765869141
0.133052706718444820
2.94318962097167971
0.81178998947143550
-0.66322386264801030
-1.42334866523742680
-0.57187521457672120
1.31344509124755861
-0.41647434234619140
0.69045925140380861
-1.25034666061401370
3.63649034500122071
0.47061881422996521
0.078330576419830320
-0.18627369403839111
0.52345752716064450
2.7942500114440921
2.9278309345245361
0.169773936271667481
0.65254664421081540
-1.7034606933593750
0.260371685028076171
-0.357743144035339360
-2.1019802093505860
-0.67146360874176031
0.323768883943557740
0.91222393512725831
-0.86598038673400880
0.52727258205413820
0.75743174552917480
0.82283443212509160
-0.76311528682708740
-0.470889449119567871
0.68883824348449710
-0.0215324163436889651
-0.223510861396789551
2.28944849967956541
0.29404699802398680
0.71942889690399171
-0.95229685306549070
0.6239894628524781
-0.01588416099548341
0.61828571557998660
-0.067825376987457281
-0.88909077644348140
-0.201218962669372561
-0.78478789329528811
-0.55841660499572750
3.10320186614990230
-0.58909082412719731
0.51681590080261231
0.74345868825912481
2.5782513618469241
-0.270642399787902831
1.40511512756347661
0.92991030216217041
-0.138329684734344480
0.198914885520935060
-0.388999223709106450
-0.351060032844543460
-1.1060838699340820
2.40378808975219731
1.28142428398132321
1.7962787151336670
0.387694954872131350
1.1865587234497070
-0.227116346359252930
0.87648278474807741
-1.07045149803161621
-0.101601183414459230
0.48342406749725340
0.45951405167579650
-0.86533129215240480
0.27754217386245730
0.51114064455032351
-0.69744777679443360
2.9428310394287111
-1.76749873161315920
-0.066321074962615971
-0.107390701770782470
-1.11767995357513431
-1.05119347572326660
-0.77151465415954590
2.1332800388336181
-1.66744923591613771
-1.21873426437377930
0.449957609176635740
-0.7348046302795410
-0.61735403537750240
0.66696232557296751
1.25624084472656251
-1.92990159988403320
-0.14070516824722290
-1.34454226493835450
0.021690607070922850
0.24311733245849611
-0.238057732582092290
-1.8797512054443360
-1.40590405464172361
0.99329721927642820
0.99605059623718260
0.251808941364288330
-0.97072613239288330
-0.334145069122314450
-0.242797017097473140
1.21228194236755371
-2.72258210182189940
-0.207780003547668460
0.318982332944870
0.0277665257453918460
0.60317087173461910
2.26051115989685061
0.51504468917846681
-1.76578068733215330
0.75066334009170531
1.08684682846069340
2.0599951744079591
-0.190761804580688480
-0.64981043338775630
-0.39124000072479251
-0.071592271327972410
0.12091380357742311
-1.6190938949584961
-1.84368395805358891
-0.66574954986572270
-0.58907222747802730
-0.19529044628143310
-0.21334695816040040
-1.07032430171966550
-1.18307447433471680
-1.92602014541625981
2.0156693458557131
-0.230886101722717290
-0.427681446075439450
0.072790682315826421
-1.0290668010711670
0.00224101543426513670
-1.90091204643249510
0.202982306480407710
0.097280681133270260
-0.461735248565673831
1.1098375320434571
-1.16009807586669921
0.349875867366790770
-0.56863451004028320
-0.140280425548553471
-0.9615242481231690
2.89336776733398441
-1.39127635955810550
-1.23025560379028320
-0.99856591224670410
-1.63979291915893550
3.2329008579254151
-1.05519998073577881
-0.52701663970947271
-0.248232483863830570
-0.72846114635467530
-0.6133329868316650
0.42233100533485410
0.42208492755889891
0.19276624917984010
0.73931473493576051
-1.04118275642395020
-0.72793948650360110
-1.23577451705932620
-0.85800480842590330
-0.15923905372619631
-1.34995794296264651
0.99457001686096191
2.22542762756347661
1.40523970127105711
-0.45106315612792970
1.60821938514709471
-0.77015948295593261
-1.1843752861022950
-0.209461927413940431
1.36043429374694821
-0.70164895057678220
1.6300916671752931
0.238364756107330320
0.25014579296112060
0.111150503158569341
-0.048226952552795411
2.7221698760986331
0.31170779466629031
-0.80071890354156490
1.29801762104034421
0.4633639156818391
-0.74033796787261961
0.133878231048583980
3.2315442562103271
3.0368037223815921
-0.43647456169128420
1.20303833484649661
1.29217410087585451
-1.17617547512054440
-0.338276386260986331
-0.32066035270690920
-2.09486627578735350
1.94991314411163331
-1.13458585739135740
2.22509622573852540
-0.8437489271163940
0.67589092254638671
-0.79016375541687011
-0.63807249069213870
-0.77649688720703121
2.09346485137939451
0.69071274995803831
0.24125140905380251
1.78744673728942871
0.416404932737350461
-0.62162864208221440
-0.76771688461303710
0.0287241935729980470
-0.54943847656250
-0.72351336479187011
-0.94870865345001220
0.63241124153137210
0.6941212415695190
-0.326860547065734861
-0.0083312392234802251
1.67439448833465581
-0.377126455307006840
0.404732733964920041
0.43938338756561280
1.68029499053955081
-0.4017968177795410
0.071730792522430420
1.86059343814849851
-1.04711341857910160
1.28145635128021240
0.77430117130279541
0.60559475421905521
1.13778805732727051
0.30761736631393430
-1.14115130901336670
1.73492574691772461
2.84544825553894041
-2.1312465667724610
1.70212304592132571
0.336296588182449340
-0.481554627418518070
0.9662955999374391
-0.7925860881805420
0.44134178757667541
3.29805278778076171
-0.96772611141204830
0.84739547967910771
0.111551642417907711
0.24799966812133791
-0.103035628795623780
-0.40149116516113281
2.57432532310485841
0.42828008532524111
1.18268680572509771
0.59076648950576781
0.246107220649719240
0.90661042928695681
0.0334711074829101560
-0.66989445686340330
0.451804399490356450
-0.156051039695739750
0.20655024051666260
-1.48178052902221680
1.8642907142639161
0.94672197103500370
-0.123920381069183350
1.1467908620834350
1.21068024635314941
1.81222212314605710
-0.60313093662261960
0.34893408417701721
0.0444887280464172360
-0.47617733478546140
-0.395707964897155760
-2.5236907005310061
0.034842312335968020
0.173780739307403560
-0.59992814064025880
0.49406674504280090
-1.30863547325134281
-0.24701702594757080
-0.360014081001281741
0.89443981647491461
3.36273312568664551
0.4209037423133851
-0.80855071544647220
0.912271261215211
1.81112635135650631
-0.72724628448486330
-0.0587195158004760740
-0.46462595462799070
0.118725061416625981
-1.15978968143463130
0.117780208587646480
-0.63101530075073240
3.12506675720214840
1.27682113647460941
0.38699561357498170
1.62813711166381840
1.02725529670715331
-1.93493056297302250
-0.92671716213226321
0.208743810653686521
-0.44772505760192870
-1.0111869573593141
3.4728651046752931
-0.274356245994567870
1.21000707149505621
-0.261307597160339360
2.2708694934844971
0.350425928831100461
0.147722125053405761
1.26842021942138671
-1.15857946872711181
0.433135330677032471
1.46203291416168211
-1.66161441802978520
-1.0828212499618530
-0.52282571792602540
1.06930375099182130
-1.0354717969894410
1.1304016113281251
-0.35045397281646730
0.97664159536361691
3.5325014591217041
0.94543683528900151
0.13660687208175660
0.415604919195175170
-0.168881058692932130
2.23770952224731451
-0.474671244621276860
1.00958478450775151
-0.367267012596130371
1.59459567070007321
0.0353217124938964841
-0.474891662597656250
0.46642270684242250
-1.25262260437011721
1.1819362640380861
2.5198717117309571
0.022199094295501711
0.071999967098236081
0.0208470821380615230
1.85157155990600591
-1.02521896362304690
0.66900014877319341
-0.226137042045593260
-0.74016594886779790
0.155323624610900880
0.091529309749603271
2.70835399627685551
0.18124169111251831
-0.4011477231979370
0.41689798235893251
-0.91724419593811040
1.41145217418670651
0.0292733907699584961
-1.45393061637878420
0.26578724384307861
0.8128399252891541
0.56884080171585081
1.06817591190338131
-0.66013026237487790
-1.19451975822448731
-0.260814189910888671
-0.43863403797149660
1.28609097003936771
-2.1791145801544190
-0.72074329853057860
0.59669351577758790
-0.89277362823486331
2.97723913192749021
-0.2699314355850220
1.31637871265411380
-1.49263620376586910
0.159066021442413331
-1.72161006927490230
-0.08751666545867920
1.04548346996307370
0.55421686172485350
0.059327602386474610
-0.22386336326599120
0.42710340023040770
1.83609426021575930
-0.493722200393676760
-0.102709412574768070
1.07082808017730711
0.184591233730316161
1.2739435434341430
0.266576945781707761
0.55085057020187381
-0.75014638900756840
0.0095095038414001460
1.04242968559265141
0.825891911983490
0.149811089038848880
0.22405374050140381
1.06794714927673341
-0.78788304328918460
2.66965603828430181
-0.045566260814666750
0.28589427471160891
-0.291649818420410160
1.58437514305114750
0.80334377288818360
0.042985796928405761
-1.38010621070861820
0.61787253618240361
-1.10909199714660640
1.65267992019653321
-1.8968200683593750
-0.474580645561218260
0.107235252857208250
0.29734843969345091
0.64927333593368531
-0.25300407409667970
1.72332358360290530
-1.07313036918640140
-1.19159722328186041
2.81248688697814941
0.263177394866943360
-0.92614150047302250
-0.55526137351989750
-0.7142968177795410
0.61327987909317020
-0.70628666877746580
-0.61582565307617191
-0.7407966852188111
-0.0222162008285522460
0.35915312170982360
0.040306329727172850
0.200319886207580571
2.5723433494567871
-0.74703812599182130
0.85685914754867551
-0.65544319152832030
0.31413120031356811
-0.91945183277130131
2.5942685604095461
0.93826490640640261
-0.14025372266769411
-0.23158335685729980
-1.67271184921264650
0.32128790020942691
2.35641622543334961
1.48430109024047851
-0.357617259025573731
-0.50793600082397460
-0.77606129646301271
-0.90159332752227780
-0.2489706277847290
0.67460465431213381
-0.93953633308410640
0.90360772609710690
-1.9794123172760010
0.260430812835693360
-0.52875065803527830
-1.49254155158996580
-0.099858403205871581
-0.81324040889739990
2.66470003128051761
0.99333977699279791
-1.04526734352111820
-0.93506002426147460
1.37183690071105961
-1.21571040153503420
0.64807468652725221
-0.406606674194335940
-0.70519411563873291
-0.59309124946594240
-2.3467240333557130
-1.31122589111328120
-0.70515298843383791
0.416081666946411130
0.48800271749496461
-0.36528229713439941
-0.486739516258239750
-1.45587921142578121
0.58478432893753050
-0.228393197059631350
0.40889951586723330
0.242713630199432371
-1.61438965797424321
0.33527791500091551
-1.9018623828887941
0.50148034095764161
0.10454475879669191
1.17372512817382811
1.26386046409606931
1.47954297065734860
-1.93995904922485350
-0.066050887107849121
2.63549232482910161
-0.100938677787780760
-1.15988934040069580
-1.11873924732208250
2.8225727081298831
-0.90336561203002930
-0.77549946308135990
-0.28486919403076170
-2.26688957214355470
-2.9435050487518310
-0.60973227024078371
1.8416750431060791
-1.1738772392272950
2.25297355651855471
0.26461046934127810
0.122726082801818850
-0.71430540084838870
1.29646587371826170
-0.67696809768676761
-0.202976107597351070
-0.65997457504272460
0.26662802696228030
3.17939329147338871
1.88167977333068851
1.03505456447601321
-0.344547986984252930
-0.31283450126647951
0.99722659587860111
-1.29378151893615720
-0.002806842327117921
-1.67584538459777830
2.28448653221130371
0.181026041507720950
-1.10012745857238770
0.0097761750221252440
-0.99873626232147221
2.1177625656127931
-0.79788577556610110
-0.3796468973159790
0.448318600654602051
0.96461033821105961
2.9278309345245361
1.51967024803161621
0.73196285963058470
-0.37229609489440921
1.06557011604309081
-1.92214584350585940
0.66231030225753780
2.65254259109497070
1.00185418128967291
-0.84511733055114750
0.51740473508834840
1.1251958608627320
0.372402727603912351
-0.9670375585556031
-0.373536944389343260
0.89678072929382321
-0.2052835226058961
2.3243827819824221
0.139898300170898440
-1.32165908813476560
-0.262317061424255371
0.86179625988006591
2.71431422233581541
-2.0097651481628420
2.8516020774841311
1.09854197502136231
0.151335060596466060
-0.222317934036254881
-0.92401671409606930
0.36193871498107911
-1.39264178276062011
0.78803431987762451
-0.317198157310485840
-0.64193975925445561
0.58792257308959961
0.492843240499496460
1.2824486494064331
-1.45654129981994630
0.93061202764511111
-1.51251387596130370
0.25502038002014160
0.080184996128082281
1.59845852851867681
0.179950892925262450
-0.91166603565216060
0.39554104208946230
-1.13525879383087160
-0.0227968096733093261
-1.20705175399780270
0.98248416185379031
0.306524515151977541
0.5696148276329040
-0.6117330789566040
-1.02064299583435061
-0.67935085296630860
1.97463393211364751
-0.52338957786560060
0.60834950208663940
0.345072358846664431
-0.52720689773559571
-1.52246618270874020
0.17976284027099610
-0.5292193889617920
0.74905759096145631
0.42837619781494140
0.086640775203704831
-0.866598367691041
0.100444197654724121
0.108468949794769291
-1.2430326938629150
0.76186561584472661
0.079928338527679440
0.99175792932510380
0.47188529372215271
1.31878924369812010
-2.35504484176635741
-1.29183888435363770
0.058517992496490481
0.20444959402084351
1.66242158412933351
-0.124347925186157230
-1.00398874282836911
-0.15177893638610841
-0.48624432086944580
0.60951507091522221
0.84925198554992680
0.37711715698242190
0.49417868256568911
-1.0424945354461670
-1.73828983306884770
2.7721672058105471
0.64450079202651980
1.23907613754272461
-0.70618283748626711
-0.53535592555999760
-0.86177432537078860
-0.55356740951538090
0.59419918060302731
3.5200943946838381
0.60092777013778690
0.60496896505355830
-0.134157538414001460
-0.384917140007019040
0.200490117073059080
2.81508302688598631
-2.6040461063385010
-0.69021737575531011
-3.31888389587402340
-0.87532222270965581
0.77848923206329351
0.238996922969818120
0.09761363267898560
0.3910783827304841
0.0305252671241760250
-0.065975725650787350
0.59711307287216191
0.75726377964019781
-1.11653649806976321
-0.474976897239685061
0.355500072240829470
-0.33678209781646731
0.86518746614456181
-0.70182871818542480
2.5574054718017581
0.35987219214439391
-0.68373131752014160
1.57353150844573971
-1.0185817480087280
0.11050099134445191
1.07985806465148931
-0.262081980705261231
0.48558434844017030
0.404011666774749760
-0.450217247009277340
-0.166602611541748050
-0.86663007736206050
0.478042215108871461
-0.79333138465881350
-0.231899142265319820
0.407868504524230961
-2.75363230705261231
0.99025678634643551
-0.82688796520233150
1.19200301170349121
1.4639871120452881
-0.188335895538330080
1.3365950584411621
1.69560861587524411
1.76843333244323731
0.420646160840988161
0.068468689918518071
-1.18883895874023440
0.67938756942749020
-0.28784370422363280
0.93235546350479130
3.36273312568664551
-0.79259443283081051
-0.69676268100738530
-1.03922665119171140
0.72349804639816281
1.35258293151855471
0.28433012962341310
-1.32830762863159180
-0.38493013381958011
-1.0797201395034790
-1.02507495880126950
0.43632435798645020
0.428782522678375240
1.00974595546722411
1.09081017971038821
0.40131154656410220
0.6776510477066041
2.02077007293701171
0.323427587747573850
-1.13282740116119380
-1.31203079223632810
-0.225741267204284670
2.19918751716613771
0.50654625892639160
0.34021621942520140
0.334293276071548460
-0.55114579200744630
-0.84045696258544920
1.07613253593444821
-2.0451960563659670
-2.5199916362762450
-0.57637393474578860
-0.56949746608734130
0.6053878068923951
-0.0082677006721496581
-1.2897665500640870
-0.63632631301879880
-0.95507645606994630
-0.51203370094299321
-0.39968430995941161
-1.18323874473571780
-0.97628247737884521
-0.0020198225975036621
0.041355311870574950
-0.252936840057373051
2.7551712989807131
0.019697427749633790
-1.6887629032135011
-1.14755916595458980
0.170781016349792480
-0.76905751228332520
1.08714485168457031
-0.337062358856201170
2.21867871284484861
-0.0115263462066650390
0.453549236059188840
-1.052193045616151
-0.0239233970642089841
-0.332999467849731450
3.2459528446197511
-0.61110901832580571
-1.08365190029144291
0.0087968707084655760
-0.40485394001007080
-2.4742383956909180
1.4774615764617921
1.31568181514741
-0.457533717155456541
0.1867535114288330
0.92847132682800290
-1.25842332839965821
0.50982129573822020
1.10810923576354981
-1.64168906211853031
0.36787581443786621
-0.486050963401794430
-0.91442811489105221
-0.347298145294189451
1.2148625850677491
-1.39679098129272460
-0.2638350725173951
-0.93047487735748290
1.92207539081573491
-0.48536145687103270
1.5873566865921020
-0.19125509262084960
2.4754567146301271
0.74743330478668211
-0.26468336582183840
-1.092945933341980
1.32220530509948731
-1.25293970108032231
2.8703591823577881
-0.80680549144744870
-0.0043092966079711911
1.55592393875122071
-1.39665174484252930
0.18882948160171510
-1.95810246467590330
1.42164397239685061
-0.0133411884307861330
0.491722643375396730
-0.387475728988647461
0.17875093221664430
-0.56091523170471190
1.77649545669555661
0.070695459842681880
0.65009212493896481
-1.24226093292236330
0.68340766429901121
1.09565937519073491
0.59859704971313480
-0.114620089530944820
2.14936590194702151
0.70208615064620971
1.38941156864166261
-1.15826582908630371
-0.131483614444732671
0.16860234737396240
3.517031431198121
-1.0007393360137940
0.78375762701034551
-0.57643640041351320
